./pos_img/HockeyPlayers/pos1.png 4 630 187 76 123 1028 73 71 167 1443 247 75 165 1768 120 84 163
./pos_img/HockeyPlayers/pos10.png 4 230 337 113 146 255 696 96 214 1413 399 81 138 1282 759 98 216
./pos_img/HockeyPlayers/pos11.png 4 32 399 98 219 0 580 118 243 502 408 100 241 763 275 78 162
./pos_img/HockeyPlayers/pos12.png 2 925 536 90 170 977 438 104 157
./pos_img/HockeyPlayers/pos13.png 3 396 444 111 140 764 378 88 163 673 528 80 185
./pos_img/HockeyPlayers/pos14.png 4 899 341 82 137 1459 476 138 133 609 666 108 210 259 418 96 174
./pos_img/HockeyPlayers/pos15.png 4 194 403 80 172 566 503 93 194 427 262 82 165 970 491 113 144
./pos_img/HockeyPlayers/pos16.png 4 578 193 107 129 931 350 123 136 1529 543 85 177 1597 559 117 151
./pos_img/HockeyPlayers/pos17.png 3 339 502 127 207 172 133 67 149 1727 209 82 179
./pos_img/HockeyPlayers/pos18.png 5 12 177 137 130 948 17 85 123 602 570 142 205 1498 303 63 162 1430 182 84 152
./pos_img/HockeyPlayers/pos19.png 3 873 197 76 164 1441 204 94 130 1295 491 106 169
./pos_img/HockeyPlayers/pos2.png 3 464 428 132 168 975 357 93 156 1318 441 102 194
./pos_img/HockeyPlayers/pos20.png 2 467 274 112 128 1139 615 136 166
./pos_img/HockeyPlayers/pos21.png 4 479 229 95 124 248 143 89 133 1230 116 105 113 1635 194 73 171
./pos_img/HockeyPlayers/pos22.png 3 397 646 127 205 849 626 89 164 1305 440 83 128
./pos_img/HockeyPlayers/pos23.png 1 889 105 515 882
./pos_img/HockeyPlayers/pos24.png 1 780 97 580 716
./pos_img/HockeyPlayers/pos25.png 3 282 249 99 208 610 295 116 183 857 153 77 138
./pos_img/HockeyPlayers/pos26.png 5 5 259 72 143 641 689 128 147 1095 213 81 127 1478 60 81 145 1721 226 85 147
./pos_img/HockeyPlayers/pos27.png 2 962 242 142 114 15 279 109 158
./pos_img/HockeyPlayers/pos28.png 3 1001 287 84 150 918 557 104 174 1350 504 115 160
./pos_img/HockeyPlayers/pos29.png 4 810 324 189 269 1185 98 122 186 356 192 167 208 542 40 75 178
./pos_img/HockeyPlayers/pos3.png 2 280 288 218 410 578 307 179 258
./pos_img/HockeyPlayers/pos30.png 4 1195 428 99 202 1370 234 117 192 1799 462 100 189 296 519 153 182
./pos_img/HockeyPlayers/pos31.png 4 574 242 178 124 760 286 86 180 1378 375 88 242 1617 149 94 182
./pos_img/HockeyPlayers/pos32.png 3 482 246 107 146 498 404 131 202 1065 242 120 167
./pos_img/HockeyPlayers/pos33.png 4 645 111 75 140 630 336 98 176 1068 327 78 168 845 547 179 164
./pos_img/HockeyPlayers/pos34.png 4 636 166 110 149 801 415 131 173 1136 312 107 157 983 545 150 151
./pos_img/HockeyPlayers/pos35.png 4 628 235 70 144 798 364 99 166 891 153 69 125 1295 224 71 146
./pos_img/HockeyPlayers/pos36.png 3 737 126 111 131 951 305 120 205 1369 244 84 175
./pos_img/HockeyPlayers/pos37.png 1 717 62 56 93
./pos_img/HockeyPlayers/pos38.png 3 1032 399 165 194 1615 347 179 172 703 448 104 200
./pos_img/HockeyPlayers/pos39.png 4 733 279 117 152 1223 270 77 156 895 152 60 76 293 277 121 122
./pos_img/HockeyPlayers/pos4.png 1 1470 267 149 152
./pos_img/HockeyPlayers/pos40.png 2 305 163 92 165 930 334 83 176
./pos_img/HockeyPlayers/pos41.png 2 231 198 332 333 464 50 221 305
./pos_img/HockeyPlayers/pos42.png 3 799 334 105 172 559 560 144 226 949 287 64 190
./pos_img/HockeyPlayers/pos43.png 5 885 348 118 163 546 393 102 156 1022 190 99 138 1124 233 135 143 1153 535 119 226
./pos_img/HockeyPlayers/pos44.png 5 480 411 106 168 767 196 87 144 946 313 61 170 1024 216 60 153 1112 511 143 203
./pos_img/HockeyPlayers/pos45.png 4 250 224 199 245 829 104 85 149 554 133 147 161 1154 214 140 260
./pos_img/HockeyPlayers/pos46.png 3 618 124 123 128 616 284 109 164 478 456 120 185
./pos_img/HockeyPlayers/pos47.png 3 1197 191 96 166 1269 344 177 215 1701 216 113 162
./pos_img/HockeyPlayers/pos48.png 1 88 188 124 173
./pos_img/HockeyPlayers/pos49.png 3 269 188 119 136 1137 172 123 188 1120 398 111 210
./pos_img/HockeyPlayers/pos5.png 1 1655 308 130 177
./pos_img/HockeyPlayers/pos50.png 4 421 172 119 198 863 89 115 101 556 51 79 112 23 93 129 125
./pos_img/HockeyPlayers/pos51.png 5 43 244 145 166 937 400 139 211 1176 88 113 169 1386 302 128 201 426 14 125 124
./pos_img/HockeyPlayers/pos52.png 5 19 141 118 140 337 72 110 158 885 20 89 148 980 85 73 146 867 471 139 188
./pos_img/HockeyPlayers/pos53.png 2 377 76 115 115 566 15 91 118
./pos_img/HockeyPlayers/pos6.png 2 378 55 61 96 223 232 74 143
./pos_img/HockeyPlayers/pos7.png 2 588 281 82 138 1354 196 75 122
./pos_img/HockeyPlayers/pos8.png 2 1054 292 76 177 1607 483 77 178
./pos_img/HockeyPlayers/pos9.png 0
